2.506551598551896144e-09
4.275782504715301914e-08
1.329164822223800791e-09
2.159803546750013392e-09
2.357481169873947240e-09
1.355006525395320147e-09
5.991085225764527850e-10
1.325493460158970721e-09
1.375271702581243629e-07
1.639324739031287236e-09
2.194058954212946920e-09
3.126355591315655525e-09
2.798286560936847226e-10
4.090338434339529995e-07
2.643593795978962814e-08
2.089139256559857714e-11
6.774734456069019041e-11
1.205187068600759710e-09
1.688059957858274802e-09
4.698005980666780069e-08
5.625106860177750869e-12
2.068463772372129988e-09
2.199119246103681034e-09
3.580863295614926765e-09
2.088481311754370725e-09
1.339235570533202208e-08
1.029100191300317492e-08
4.950305477951759280e-08
5.358108528029067909e-08
6.113916433236461127e-09
1.654807205121059593e-09
2.301203807312898496e-09
2.368327790748526601e-09
1.584419584374260556e-11
2.223829208047958970e-09
9.731902589717989341e-10
2.922942745338761693e-08
1.057109852138032378e-09
2.713995316774751105e-07
1.472853308115897975e-07
1.574407479365648307e-09
2.053758519450878397e-09
5.144871656568489350e-11
1.901107980404191013e-09
9.914636151188125849e-10
2.169515408420745322e-09
1.520318797478399262e-10
7.580435770722173499e-08
4.328723494138439152e-09
6.499141381185880883e-13
1.171967617227725098e-10
9.371998659783073256e-09
2.473507215727385554e-07
2.292579582962356438e-09
1.982621313621829925e-09
2.210949261054995782e-09
3.300643662594841239e-10
7.889514136678186145e-11
1.403717134112645611e-10
4.182694084900728873e-11
5.648006121646189987e-08
1.262066536923735174e-07
2.609646956547322152e-08
1.181337074556926865e-12
2.389743831994061516e-09
8.203113719139628852e-08
1.696903361140740834e-08
5.524835040788203812e-10
4.622914079170896701e-09
4.904289816131520637e-08
8.045548668129693954e-08
2.245538086801744764e-07
7.878649019363275304e-09
2.556893119236553539e-10
1.960249687723478799e-09
1.473212444611944954e-07
5.422145990522223093e-11
1.029212868039773203e-09
6.222850116196376123e-08
2.243049581939087271e-08
2.615460128684460516e-11
2.403133700459231748e-09
1.529210862201174636e-07
1.607423560564046555e-09
1.674483518856484797e-09
2.593786406638074459e-09
5.221532231064364714e-08
2.604428323211022605e-11
1.454483515958902735e-10
6.396261848671124178e-09
8.570384747574923533e-08
7.148861863646810684e-09
1.718956577554466917e-11
1.865498136126948266e-09
2.445663078601453147e-09
5.133254660250064462e-08
1.480182817264301297e-11
2.420454800794574464e-11
9.272638696767276157e-10
2.056728016860888101e-07
1.478244952466031354e-09
2.617779769984403733e-07
1.336522778716071583e-09
2.109586941800925603e-09
2.385874798937885652e-09
1.879764088746680717e-07
2.657069689730092405e-08
2.360277914546750890e-09
1.896089797706358187e-09
2.312612574902926564e-09
1.529041980375163895e-09
1.080713285135255834e-07
2.091442879398465961e-09
1.047070546481896789e-09
1.990963104582271718e-09
1.282580615189129164e-07
1.027804734686244785e-07
5.250734711535698666e-09
2.647547173191556054e-07
1.051967479055229357e-07
1.093080687865955431e-10
1.979737850694189995e-09
2.419392537792719820e-09
2.080265744751118581e-09
1.893375275409937718e-08
1.597626612677329479e-09
1.274242081052883693e-07
2.182274273674168724e-09
1.000777881038911072e-11
9.698249560023459452e-10
2.491798213437219691e-09
1.017305026854822637e-08
2.041056399929261242e-09
2.186916647044764860e-10
9.669130748743898030e-10
5.969610242011081230e-08
1.857592967369988175e-10
2.274349773756756266e-09
9.052366170582175358e-08
3.266336651617753474e-11
1.771881519890840816e-08
1.645158630290228113e-07
4.059062478946436108e-10
3.132395495097849624e-09
3.364371962528270593e-08
3.226963792046220586e-09
2.742116705696957302e-09
1.878745129952838265e-08
4.968291853019457167e-09
2.325437770878235832e-09
2.690347967036835739e-09
1.290093034962265644e-11
2.881984896264526200e-10
1.940913990858470902e-10
1.271288955324036692e-09
4.703524778329561383e-09
5.647040944231678012e-11
3.291065926021769369e-07
2.526772922594830150e-09
1.919912370906962546e-10
3.265430092893919963e-10
1.433479305469536463e-09
1.394235571257597065e-09
6.086423885204048496e-08
2.377865330463745083e-07
3.675814111383586809e-09
2.161476451336044311e-09
1.148887012928064963e-07
1.026190031714296332e-07
2.351543592337191371e-09
7.850136018314783488e-10
1.778553507139068411e-09
2.456710466160121834e-09
5.222607221378717936e-11
5.092858073222596006e-09
1.564118186806099033e-10
4.355031202689108227e-08
2.693335582539104390e-09
7.344321766167543961e-09
1.525026282722819699e-08
2.618405881094929576e-09
2.589389227675851578e-09
7.509322707410704396e-09
1.752754150065137192e-07
3.221691260108745646e-07
1.862701171258427327e-09
2.244583133722058608e-09
1.938670491942560651e-07
2.485693727546194971e-09
5.151585670112402613e-09
2.100010306206445491e-09
2.391151530266756598e-09
3.418215029044742255e-09
2.036831116106685345e-09
1.201192251978829395e-09
2.394320366844967143e-09
1.312787995734869715e-07
2.526772922594830150e-09
7.064166831830490271e-10
1.376553285181230951e-09
1.170703551326633502e-09
1.408516675415160695e-09
2.372182575846477873e-09
2.441749021997283370e-09
1.947205254529145217e-09
1.895149626753804775e-09
6.494551077626261435e-10
6.760522972616408604e-09
2.094664609578685836e-08
3.833167059515756830e-10
2.124158613637467234e-09
4.155338782268827574e-10
1.914942177922973676e-09
2.263145684562987192e-10
2.160138075856462552e-09
1.930091228837575286e-09
4.937981635244687931e-08
5.913815698715157342e-10
2.595252961930930366e-09
1.109851161607713911e-08
7.419771336749303116e-09
2.622827618356058227e-09
2.156125436334060463e-09
7.430371869479946495e-10
1.374951400190610046e-09
2.544170145885169736e-09
1.030136757461881038e-09
7.113227391126140651e-08
9.790372583523072543e-10
2.258167339156350727e-08
8.159672133605772713e-10
2.083550028649024879e-09
5.767693820228560159e-10
6.469580766627132407e-09
3.559756222638783076e-08
6.166775373849347247e-14
6.603229192368944840e-10
6.776366365393415039e-10
1.342054574402560265e-09
9.180809310734004392e-10
2.259270874607381685e-09
5.480605363122086509e-11
1.863944007701761338e-09
7.135129305880937070e-08
2.807712090458001654e-09
2.095065422777338473e-09
1.623624991578574443e-09
5.448962720333197334e-10
9.139417567292653358e-10
9.803890528180044612e-12
3.211036763754428198e-09
3.946021283196103363e-08
6.606928998539471124e-10
7.243206545367172929e-10
2.513042450211932146e-09
8.860862341894420647e-10
1.201192251978829395e-09
1.419967189522791494e-10
1.922193650356541192e-09
2.073704948568883563e-09
2.561959921148928897e-08
2.634637155105596797e-09
5.774610556312650917e-10
3.077846850261009299e-09
2.351543592337191371e-09
1.408838627460303193e-10
5.260751466559769055e-10
7.876375446763826507e-10
2.576381607319765828e-08
2.489642834127599916e-09
6.223591050177437774e-11
4.159450483958963765e-11
2.662419702193924833e-09
2.218401513125341902e-09
6.838340709287545040e-10
1.743214387020802663e-09
9.513089700794391776e-10
1.294750873843882715e-09
1.684512993421444719e-09
1.726189405887066781e-08
2.286036000904195330e-09
2.112563430943091126e-09
1.269205280807091610e-08
1.732412155012439764e-09
1.490724803839328908e-09
9.553093304523885883e-10
2.570742834077112182e-09
2.189004491032867270e-15
4.096555540625809439e-09
2.407723032567161327e-09
7.328908389722477327e-09
2.174211690884191930e-09
5.987380627098897333e-13
2.284315559948447931e-09
1.540886230332015407e-09
2.665391774469039157e-09
2.108856487840764148e-10
4.474811849769868871e-08
2.048459812589347334e-08
2.531116632855639981e-09
2.554709891644947793e-09
1.452345169435707980e-09
6.961236472962928523e-10
2.624302359748549391e-09
2.152784419657037608e-09
1.995783642194135856e-09
2.692149245726479543e-10
1.776429227236448840e-09
2.661676943178932302e-09
1.635829378108613329e-09
3.783067352587575204e-11
7.408615185458615772e-09
2.611780269655445367e-13
2.630574634776715016e-09
4.722796942253570327e-09
4.007023754430627556e-10
2.207566018610867322e-09
6.737075030048314639e-10
1.539906890447029921e-10
2.362757175852216109e-10
1.995140567075966222e-09
3.291496084833290009e-10
1.093080687865958016e-10
1.438115966704154095e-09
2.182274273674168724e-09
2.690023818215587371e-08
1.732112572261712387e-09
5.201820745596433016e-11
9.669130748743898030e-10
1.841929539258060076e-10
2.370780473135558994e-09
2.032934739923405092e-09
1.415278303044931216e-09
4.030026189250384708e-09
2.608470611439219631e-09
1.270006056212709794e-09
1.285443589423313588e-09
6.125732057749964691e-10
2.464565650489089313e-09
2.220775313634561147e-09
3.021719933186133335e-10
3.865648388936569003e-10
2.580240419408819376e-09
1.068982836340817998e-08
2.539089790278715883e-09
1.541451382071380435e-09
1.308774750544715685e-09
1.161859468027979783e-10
2.605897883527792068e-09
5.517969985934410680e-11
2.336210509613070695e-09
5.741792975077715684e-10
4.934143577249693230e-10
2.671340892851957488e-09
1.704364608853802871e-09
1.256586511841093593e-08
1.570606427203973437e-08
1.459696714346778140e-10
1.053559312758956560e-08
5.358729623728768229e-11
1.915887244992080696e-09
5.275620506237169480e-10
1.006083173047680876e-08
1.795288446473011297e-09
2.563084491767376170e-09
1.806284657956270766e-09
9.842242016389777686e-10
4.537180125098830174e-09
3.526696586727357349e-10
4.666573670123022392e-09
1.718359769442466472e-09
1.893672419169271530e-08
1.964551256409663199e-08
1.388408609687429723e-10
1.042185038180524350e-09
1.406356374083607156e-11
2.402780856250117680e-09
7.667330180838382093e-09
4.841844267648758028e-10
2.474939368677470986e-09
2.365876377725045803e-09
7.223847455945301554e-10
3.051945033658466387e-09
2.441749021997283370e-09
2.528220411529042689e-09
8.251609156487097927e-11
1.576746540762177350e-10
3.223940038540814840e-10
3.058114529097068065e-10
1.524822965654208241e-09
3.605533389181550343e-10
1.381899637215068377e-09
4.474369167003067515e-09
2.608103001164309077e-09
1.573674986652192132e-08
1.828181115743065580e-08
1.015863049289906168e-09
1.226268658455981745e-09
2.177233410817378139e-09
1.679199541218419227e-09
4.772405418440200099e-12
1.269772985521516294e-10
1.286476074192480310e-09
4.192009659042444730e-11
2.089139256559818769e-13
2.366926827874266549e-09
1.913682451172796430e-09
7.121676772304950196e-10
1.094886111416175779e-09
1.837005846428641676e-09
2.220775313634561147e-09
4.069878440805451912e-09
1.772487503687942964e-09
9.345110936282075284e-10
1.105230337626298798e-08
1.553627207921521272e-09
8.951081449594410925e-10
1.809833163763130045e-10
5.054405100692183301e-09
1.297601462846089677e-09
8.366578392420871588e-10
3.170378272054129666e-09
2.481747755515599940e-09
3.495675025390214219e-10
2.160472630868289852e-09
1.924087592585409602e-09
6.976464353944588449e-09
2.195407795465479937e-09
9.206196452227364403e-11
3.675575445130617727e-10
2.163484791716775410e-09
5.914086850312879024e-09
1.047070546481896789e-09
3.415690498090185108e-09
8.475416084295681003e-11
1.977182557102554511e-10
1.266673549452554319e-09
1.374150807417879835e-13
2.329604910078560707e-09
2.354686083145373898e-09
5.398672608872361101e-10
8.121356912926022224e-09
7.817901437625063405e-10
2.390799566840514584e-09
6.789488864446135684e-10
1.224001173620504352e-09
3.858704581731842204e-11
1.010593286507875784e-09
2.162145794508106717e-09
2.576220073036286094e-09
2.475297471678438409e-09
4.381358029409178873e-10
3.953889361927265919e-10
2.554346089460689541e-09
2.452787575821852554e-09
1.464439976214301298e-09
1.358043361116915173e-10
2.822420011633248580e-10
4.155338782268830159e-10
7.850136018314783488e-10
2.889321299481808370e-10
2.705677021474584344e-09
2.903097145135313549e-09
4.770833091486562332e-10
2.186647736262290057e-09
3.756550607060689920e-11
2.784494589185172650e-09
6.707215454467920873e-10
5.325335518293268973e-10
1.247967780726082721e-10
8.876318449261475916e-09
5.735552485949084614e-09
2.147110636590485178e-09
4.543485299957804425e-09
1.256192013078472840e-09
1.505769870564262394e-09
3.686295220318920917e-09
1.037079139870778047e-09
7.761650498550177717e-10
2.360544856520451763e-10
4.269087356763343298e-10
1.016321937166286451e-09
1.830532908337901764e-09
5.432173444467658622e-10
1.410408299112645067e-09
7.013789289716899063e-09
4.267377485202059613e-09
9.763364672018092393e-10
4.695666044963726723e-10
1.540886230332014787e-09
9.693766893311878266e-10
4.234526356501847993e-09
2.157213539951063209e-10
3.307603919714960511e-11
3.195556020372334806e-09
1.595613311416598182e-09
1.489891181708924328e-09
1.563288515245930090e-09
4.303362115544084487e-10
1.802094709070092503e-12
1.277083353833315930e-10
4.024332692190723940e-10
3.087134122776615690e-10
1.917462874881498313e-09
7.475568076821332255e-10
3.772808693138204522e-10
1.722786558252419638e-10
2.049845978311356470e-09
3.200847854536921363e-11
9.950932695241083233e-10
1.887011244826064320e-11
1.648663938878282443e-09
1.811795353711896956e-09
1.092029887994125197e-09
1.580697098044781437e-09
5.282235703714447742e-10
6.507397943450760127e-10
2.025477112487001300e-09
3.613240809231027171e-09
1.555897762544361576e-09
8.959245659184615816e-11
1.535522456931074610e-09
1.333826624628341075e-10
6.968835038611564240e-10
2.752718481885773825e-10
1.921878083987222428e-09
1.006478683415335832e-09
1.151816600382288149e-09
4.452457024804803192e-10
7.216111073682552276e-10
1.859285508232990996e-09
2.296372246962442963e-09
1.529041980375163895e-09
8.468908135085776080e-10
4.784993360005678918e-10
6.441242860032510502e-13
1.952926716444996584e-09
2.166738818132475785e-12
5.393656420888680189e-10
8.641890523473152892e-11
2.414438393190766342e-09
3.249491951194714242e-09
3.917049970665904282e-11
8.298012943051555137e-10
1.619567017643636421e-09
1.410547864339913621e-14
2.130466430845061368e-09
1.646910818287440607e-09
7.947237666999122443e-10
3.840840232654737132e-11
1.989346686674259912e-10
1.179339303570649364e-09
2.604428323211019839e-09
1.007527656957976428e-10
1.709717696286074500e-09
3.056855916278170059e-10
1.932899902937218508e-10
1.181317645522975484e-11
2.262693493226970335e-09
1.248550185447589593e-09
1.908647689032664664e-09
3.582155598378678703e-11
7.979737518765624539e-10
3.998558653868095975e-11
1.785846389320316069e-09
7.324797607673289938e-12
4.833928231585478844e-10
8.538174583999790728e-10
3.453233388765280405e-09
1.780679056405239577e-09
1.340209373143513340e-09
1.567275404822010539e-11
1.196208057137709604e-09
1.523136991804677527e-09
1.021146516017211317e-09
1.482953397504728185e-09
1.732112572261711766e-09
1.389256881309428436e-10
1.353682048151353338e-09
1.390743772324479202e-09
5.927827399888056603e-10
1.600504959292697890e-09
1.019537053703351985e-09
6.588440329838282747e-10
5.512624411061937169e-11
1.634665086773169204e-09
9.896512748325087296e-10
2.960779615431197080e-09
2.584263900332161747e-09
8.358252403741369861e-10
6.291919076751964078e-11
4.453975986678554460e-10
1.725622031466209819e-12
1.945931215057296273e-10
1.639616187493137704e-09
1.226016612074969814e-09
7.735603028956502247e-10
5.724558126700391915e-10
1.338628782374094697e-09
2.633528884151357359e-09
1.365359674713099051e-09
7.739607482379267425e-10
6.715618382121838924e-11
4.231987616447132534e-10
1.345490262285649539e-10
5.745243053398609525e-10
8.929559261060090620e-10
1.404737236110844872e-09
2.005623554151247514e-10
1.033705560132864192e-10
2.886874795527570974e-10
4.510359690818723403e-10
9.329714463096532062e-10
4.136286023948804678e-10
2.782655385021267643e-10
1.196457020778668934e-09
6.656761361960579750e-11
1.977182557102554511e-10
3.249902279438917149e-11
2.385171675152147374e-11
3.548357628090927144e-10
7.450005555914898724e-10
1.198200491615984976e-09
3.240763379979200282e-10
8.014341275854487136e-10
6.328696942739167746e-10
2.222811010095083275e-11
7.073735631047931863e-12
1.870368334349573203e-10
7.765661687371384336e-10
3.274569380934319784e-11
8.959245659184593844e-11
2.410572676023049439e-10
4.432734094340581487e-12
1.018158524886952403e-09
1.665637609228641518e-10
8.061277288422116405e-10
7.457866283994885918e-10
7.924932488396858604e-10
9.281408185528273507e-10
2.360627624205056219e-11
1.229042878402099161e-09
5.625106860177750869e-12
9.034346646992022584e-11
1.678668532767975091e-14
1.323869633312683927e-10
3.561929455935327731e-10
1.925901176329885516e-10
6.443290550683357848e-10
1.012882803867846070e-09
1.294491884821408567e-09
1.693623189721684726e-10
1.062030177268233626e-09
5.591015381950547811e-10
7.129362380025654315e-10
4.608725521978352429e-10
1.045447950141090684e-10
1.121102406362138681e-10
6.714674131072152559e-10
1.019537053703351985e-09
7.305329715661314059e-10
4.874874143461181868e-13
3.604166750933925760e-10
4.199473775776192000e-10
1.165045907310944192e-09
9.102892278746716019e-11
1.225008685604708449e-09
2.113039688375818397e-10
3.638410423260353334e-10
4.587117327587109989e-10
1.278485158632379016e-09
5.288855046052275794e-12
1.606714271298194855e-10
1.618597197985283394e-10
1.101804052100370713e-09
2.908930634860885323e-10
3.479544264248482669e-10
1.428850130889331700e-09
8.242123772588705269e-10
1.088227392902862591e-09
2.291201209578236684e-13
4.073577262571588931e-10
1.043241200465722799e-10
4.560947066498906182e-10
9.002840396021424857e-10
1.773093637736237442e-11
3.368994485902524741e-12
2.156156470977613766e-10
2.694511816254078035e-10
2.031188924649326046e-10
5.790188367148336214e-10
2.256653278580231839e-10
1.299417106068163837e-09
1.009906936454767688e-09
2.527858500437417265e-11
1.201192251978829395e-09
1.206186808971387058e-09
7.219978746706353263e-10
1.088570043345499306e-10
3.333417204686167584e-10
1.890108232836744359e-12
1.260058468549478306e-10
3.674195595139908720e-10
1.722786558252419638e-10
6.020845195164235207e-11
6.366362067943148451e-11
6.893743765321102042e-11
1.159156889406357337e-11
4.587744108222146554e-11
2.860031642230437062e-10
2.803104961354977820e-10
4.524582909407812833e-11
5.777604052335868722e-11
3.320288358815694138e-10
1.037542794336817271e-11
2.202496012203166072e-11
2.108925784728501685e-11
2.459995993516200139e-10
2.330779965098808419e-10
1.332164535537872557e-10
1.432000755986391963e-10
1.135629754095907442e-10
1.992393547777369807e-10
2.506500940584060059e-10
3.765821364897447399e-10
7.510570258632938679e-11
1.046920411860266364e-10
2.095289711545188956e-10
4.229375577123691396e-11
4.859808870541023682e-11
9.477515139642794383e-11
2.005623554151247514e-10
4.435765541743448537e-10
3.054339467801732199e-10
2.861249065497373250e-10
9.424493306009377333e-12
1.139634596099358061e-11
1.157208934463126349e-10
1.781860147378699673e-10
3.673196165633823779e-11
4.662968146577795467e-14
6.668512041689961528e-11
2.507640647715216862e-10
2.538510662587598695e-10
3.464790503505816160e-10
2.548842634258382032e-10
2.610112092801017912e-10
2.069445987754144961e-11
1.089321169797769967e-12
6.291919076751964078e-11
1.346325322164564862e-10
2.420641189993548978e-10
3.884068019803802146e-10
3.799419604716256365e-10
1.472770511287744872e-10
2.638096118971347662e-10
6.851972637610251142e-13
4.152404739089487737e-10
7.312280128737580227e-11
3.282812472402322932e-11
3.034245183735423857e-12
7.759645292720286829e-12
8.877674803073796633e-11
3.583698263673839605e-10
2.895442092808659806e-10
5.931813590018910364e-13
2.302295965121652281e-10
9.428526773456214900e-11
1.390105411985211907e-10
2.507640647715208784e-12
2.980570405034620840e-10
4.653646873252873870e-10
1.945931215057296273e-10
3.851509233300999222e-10
6.419560058150934551e-12
4.719091631190095672e-10
3.229417601317225605e-11
4.165616093590779136e-10
4.755124069908311113e-10
6.464371182039567568e-11
9.575872681081277816e-11
1.574036190526976048e-10
1.223165064573754672e-10
1.852691022105895944e-10
3.264129513361702507e-10
2.862466747818095487e-10
2.704553906738409050e-11
1.432000755986393514e-10
4.723783742887589612e-10
2.528199674273478703e-10
4.616455039315771636e-10
2.879541500955720372e-10
4.694106411645593137e-12
3.936732747793288465e-10
2.007662825554018219e-10
1.734142440012054795e-10
1.104398100138392136e-12
1.084068724761336594e-10
1.131032067503381880e-10
2.820002003595460679e-10
8.043702950058341106e-11
7.318436541959985647e-11
6.065609689371385975e-11
1.555897762544359444e-11
6.328696942739162609e-12
1.514112516402197016e-10
9.639370649817299717e-11
1.257635668016652354e-10
1.069876074518977822e-10
4.824747235885537997e-11
9.000170976284413023e-11
2.270575347143202776e-11
3.638410423260355046e-12
2.445307125746905404e-11
1.161608833490104888e-11
8.918413601447729469e-11
1.537228403827500126e-10
8.675379701648095216e-11
1.169631081605609656e-10
9.795471280137565866e-13
1.169631081605609656e-10
5.870989056353588002e-11
1.341318848697854629e-10
1.430755354910583552e-11
8.608466108744702437e-11
3.140054407325916704e-11
1.446681204507641941e-10
1.509687230104202424e-10
1.240741345840923022e-10
1.020574641832101828e-10
1.524822965654205488e-11
1.422541536520381069e-10
3.336645144385633763e-11
5.432751652517834299e-11
1.324697957793164013e-10
1.528316953591816548e-10
1.339652096639239533e-10
1.927878274824029820e-13
1.363921421046354160e-10
2.965089480314883934e-11
1.060219197014305629e-10
1.614021660491468525e-12
1.253602848204328121e-10
1.802094709070092503e-12
7.404898333548976743e-11
1.962800020435110582e-11
9.724361015902253389e-11
8.462168073683674875e-11
4.962965383363669987e-12
6.609862264557458497e-11
3.357466592429065145e-13
1.144499626198948382e-11
1.624785345296470221e-13
1.502419994247765799e-11
3.200847854536921363e-11
7.719595577416881410e-12
1.196208057137709249e-11
8.356557026239408885e-11
9.491535130536844923e-11
3.349130241598102064e-11
7.623274198735718826e-11
1.544376215888632883e-10
6.183905305443289733e-11
7.227717201399382219e-12
9.351801518411051500e-11
3.912546320597666084e-11
1.482395007069174879e-10
9.498549011790634451e-11
1.180554861650326352e-10
1.031511245039220641e-10
1.364762180108561037e-10
9.270446972211492785e-12
8.037248624982116261e-11
9.442510496821339792e-15
3.192708384583300285e-13
5.448679574545184838e-11
1.588518333375104383e-10
1.066900064626322153e-12
2.914355091610793212e-15
6.680273083570771097e-11
1.569524121210698069e-10
4.725270582091902298e-13
1.120278097215352243e-13
1.368969861226383586e-10
1.460566487433009455e-10
1.155660829038461753e-10
2.678414084470057158e-11
6.366362067943158791e-11
1.414825489979831820e-10
1.198611299109698073e-10
1.045447950141091847e-10
6.953637000626044992e-11
9.442510496820154923e-15
2.894958439390337519e-11
1.564118186806099033e-10
8.548465366118604234e-11
5.337673732009117772e-11
1.164965004813602128e-10
7.247081471896952593e-12
2.212641853728761139e-11
6.383137095850456276e-12
1.532769440537338768e-12
5.227810316668942683e-11
2.001253964417225537e-11
1.645158630290227310e-11
1.927878274824083336e-13
2.531478777095671183e-11
8.624625883910498426e-12
4.229375577123691396e-11
5.338632231017019126e-12
1.956427297301456327e-11
1.351341121567568225e-12
4.612153451200548155e-11
1.624785345296470221e-13
3.186568809856958360e-12
3.164301841688119654e-11
1.632362668534668740e-12
5.139710009884002261e-11
1.409057009801834936e-11
3.721255823997907697e-12
7.150519173194920689e-12
4.375734489824405856e-11
2.102319913187513087e-11
1.165742036644317364e-16
5.348196496793215534e-11
5.337673732009117772e-11
1.201192251978827405e-11
3.140054407325909595e-11
2.317611743052864311e-12
3.539204480672985529e-11
2.553254838340182511e-11
7.719595577416881410e-12
2.423997361317045637e-11
1.510801679491238914e-11
3.071976367654814208e-12
4.979013765401292965e-14
1.662722476975669580e-11
3.390915617267165206e-11
2.633898281897390496e-11
3.809677357477370702e-11
2.192373485518303889e-11
1.305651805344679484e-11
4.061963363241176157e-12
7.363811107832977653e-12
8.498259447138139273e-14
2.138780438286964762e-11
1.347597794361014420e-11
1.893269984293918529e-11
3.395108402792291809e-11
4.803906358808207901e-12
5.144871656568480303e-11
3.819087486250948188e-12
1.718956577554472086e-11
3.186568809856958360e-12
3.621033095300783126e-11
4.883112053853538168e-12
3.295196538638274956e-11
3.492257458319451453e-11
2.848670708921977093e-11
4.447901693506263264e-12
5.207013478735213170e-11
3.032095037312272044e-13
2.867911928871262322e-11
1.344956741013543933e-11
5.358729623728768229e-11
8.688793506683112033e-13
5.006416474876217725e-11
2.740789055044221298e-14
7.383356715980693497e-12
1.398270010156083917e-11
7.092374550944950857e-13
1.444401013083964757e-11
3.612375517775233726e-13
1.840400992394232641e-11
3.522096568650754104e-11
4.940426408719634403e-11
1.254151912703586431e-11
4.859808870541015281e-11
3.012309804412552973e-11
2.072430287367962153e-12
5.279983749153431159e-11
5.353461764992062600e-11
2.093206400998800865e-12
7.460749034524578770e-13
4.007666984981067321e-11
3.344965951989427411e-11
2.056368952640851907e-13
2.049845978311363747e-11
5.306167610565399629e-11
3.690666752956336771e-11
2.072430287366504896e-16
4.447901693506288306e-12
3.266336651617746365e-11
1.101087392754307204e-11
2.484895725311372512e-12
2.395729412197350745e-13
4.461859511491693909e-11
1.254151912703586431e-11
2.056368952640846657e-11
1.030598857605205558e-11
6.499141381185880883e-13
1.651002883700607686e-11
2.685869652428822750e-13
2.166738818132475785e-12
8.225475810563407629e-13
3.368994485902524564e-14
1.089321169797769967e-12
4.979013765401564965e-14
1.710015336133404562e-11
2.564956297850237855e-12
1.488536006591322017e-12
1.870368334349571652e-12
9.894248488709216591e-12
6.864718083877570476e-12
1.151816600382286417e-11
1.499631280242320374e-11
6.383137095850456276e-12
1.203688235206177317e-11
1.402012042093711146e-12
1.662722476975669580e-11
1.295268929604986948e-13
1.593026646411485216e-11
4.196671331920094743e-13
4.478314607973402293e-12
5.550097836464320510e-13
9.182990414084559447e-12
1.870368334349604658e-14
1.063203367101222203e-11
1.402012042093725485e-12
3.315888459788725349e-13
1.514998350823165034e-12
2.360627624205098164e-13
2.740789055044019665e-14
1.360841919166218324e-11
1.707040103402110598e-11
7.699609577833099962e-12
7.523051470038714253e-13
1.125101678709182920e-11
1.277198632768050491e-11
1.530449613884412271e-11
1.132356479983908168e-11
2.861249065497360858e-12
1.660068470938917142e-12
1.444950207110108031e-12
4.208328752286485604e-14
1.506151664033958533e-12
7.073735631047931863e-12
1.347597794361005211e-11
1.093933622456103403e-11
3.735154059612551806e-12
1.188751193909978105e-11
1.387524459116080410e-11
5.422112313530044970e-12
1.650807298092237131e-12
7.600068160592941658e-12
4.357284679190876355e-14
5.077972311623341367e-13
3.212318756177495759e-12
3.611002532709923606e-12
5.625106860177750869e-12
1.718956577554472086e-11
6.714674131072151590e-12
1.091554213432421955e-11
2.984299613809663235e-14
3.238172324012401938e-12
3.382219181673798225e-12
1.513600755648107283e-11
4.662968146578058631e-14
1.134862825362677590e-12
6.658835087516854128e-12
7.208378836280370011e-12
4.725270582091818489e-13
4.057948029559334275e-13
8.002119636342285637e-12
2.752718481885788204e-12
3.097260017160694715e-12
1.803532457581943594e-13
2.187981228578007739e-12
1.201192251978827405e-11
1.402012042093725485e-12
5.077972311623341367e-13
6.770746323034779517e-12
1.760990644858007703e-11
1.818849012674535498e-11
9.557543330458429140e-12
5.077972311623254530e-13
8.709388282663818403e-12
7.460749034524578770e-13
3.735154059612528380e-12
2.934768529941733672e-12
1.980220092269372625e-12
2.187981228578007739e-12
8.794565167474611890e-12
6.733326003658376966e-13
9.117670001964622479e-12
6.202576607063555833e-12
1.725622031466209819e-12
8.730643645798610862e-12
5.233016002496957734e-13
1.049167832980023837e-11
4.601002480985594527e-12
3.122647288180964198e-12
4.914975669521809442e-12
6.792519793741454051e-13
6.166775373849044324e-14
1.850732057376750359e-12
5.625106860177750869e-12
1.089321169797719089e-14
4.076483327942030533e-12
5.285215340360152163e-13
1.134862825362677590e-12
2.496255233823975618e-12
5.954144026365288069e-12
2.462254424421847265e-12
7.481473337398418632e-14
3.251137965997776693e-12
4.803906358808182052e-12
2.177347070665783601e-14
8.688793506682999951e-13
5.608048168374873665e-12
3.122647288180943195e-12
4.883112053853565633e-12
5.388642564389064650e-12
1.514998350823149888e-12
2.934768529941733672e-12
1.970104041929067468e-14
2.484895725311353529e-12
5.574008500904838188e-12
1.368127806895242574e-12
1.410547864339812110e-12
1.462306810766837941e-12
2.984299613809831508e-12
4.725348298227654953e-12
5.642191457359364182e-14
8.290886891508492456e-13
1.929898894354228834e-12
3.918188512054832602e-14
1.374150807417925021e-13
1.688007421750478844e-12
3.408746289352098456e-12
0.000000000000000000e+00
5.059644256269405090e-12
6.346817755064529597e-14
1.427697224967790523e-12
4.178848431448712587e-12
1.269493077905791671e-13
1.712993159402562785e-13
1.359721511542116420e-12
3.422048701259125605e-12
1.532769440537323824e-12
1.860537243173864554e-12
3.135379781758987889e-12
2.241540598817181910e-12
4.788142935934908761e-12
6.326222979083532573e-13
3.526369660849494429e-13
6.499141381185979837e-13
3.059373400969729987e-12
3.749078200605812244e-12
2.230776914012159010e-12
1.104398100138379414e-12
2.788662194682303443e-12
3.583698263673837521e-12
1.623179211823764810e-12
2.462254424421866248e-12
1.939911323180063225e-12
9.233842672260926799e-13
5.305421535661903381e-14
3.225232587405685921e-12
3.160922485050788532e-12
5.931813590018910364e-13
3.109940699981533006e-12
8.498259447138495207e-14
6.042287077024920795e-12
1.376560007626975160e-12
4.975905119970418720e-13
1.096846682278791366e-12
5.255799782968797258e-12
0.000000000000000000e+00
1.497330882623329385e-12
4.057948029559334275e-13
5.337673732009090832e-13
1.252797061403228578e-12
1.479767035937892002e-12
2.788662194682323637e-12
4.899030908998390683e-12
5.591015381950531203e-12
1.678668532768132864e-14
1.189173451581014219e-12
4.312325894644520219e-12
1.624785345296470221e-13
2.723302924494488531e-13
1.127207785988721367e-12
5.272314461821267944e-12
5.405364486270244626e-12
1.614021660491468525e-12
5.919068143751597896e-12
5.797118574029318320e-12
5.285215340360063306e-13
4.585575828033991806e-12
9.579809003358461965e-14
1.653928896212546894e-13
5.603851497042954775e-13
9.938468969965902762e-13
1.326355383915405637e-14
4.061963363241298614e-14
1.359721511542102284e-12
1.568622484508806920e-12
5.821456677216606364e-13
6.212239313278336365e-13
1.295268929604943229e-15
1.632362668534668740e-12
7.880416167716611923e-14
1.168980208968523934e-13
1.865187258631118187e-13
8.959245659184651358e-13
3.876610379414778436e-13
1.003056259086083524e-13
8.923107656048781644e-14
9.442510496820273505e-13
6.615715584850386496e-13
8.095430810031004846e-13
2.256876582943745673e-13
1.586704438766132399e-14
7.398705652796469246e-13
7.092374550944950857e-13
1.453615556249184411e-12
1.104398100138392136e-12
1.595784273962606193e-12
1.568622484508806920e-12
8.498259447138495207e-14
7.460749034524683468e-15
1.295268929606259887e-17
7.153122663743453642e-13
1.567275404821981256e-13
2.051757795251456275e-12
1.326355383915490139e-12
1.030049663579054933e-12
6.441242860032608447e-13
1.960013896967525254e-12
2.622919582450108755e-14
1.896403239834613405e-13
6.733326003658376966e-13
3.502407185651903533e-14
1.716179520969384743e-12
3.918188512054832602e-14
6.099291862616917839e-13
7.153122663743453642e-13
7.902306212626916804e-13
1.049167832980280452e-15
1.066900064626322153e-12
4.626830143441875897e-13
1.326355383915490139e-12
3.032095037312204896e-13
7.774851749953726491e-13
1.165742036644317364e-16
1.782821107397577495e-12
6.441242860032608447e-13
6.529450674138613416e-14
1.334658057754261850e-12
6.529450674138923912e-14
1.482953397504704115e-13
8.225475810563407629e-13
1.949949657384506675e-12
1.949949657384506675e-12
2.360627624205098164e-13
5.181075718416262239e-17
9.724361015902216230e-13
5.129394488128597270e-13
1.252797061403228578e-12
1.678668532768053851e-12
1.244753441350391241e-14
8.756017964129644478e-13
6.674391267361521728e-13
1.244753441350377610e-12
4.662968146579902278e-16
3.921556211271941569e-13
1.096315622017648256e-13
6.971655486705809093e-13
1.604890014537733638e-12
1.834230331213596672e-13
4.819695687060342131e-14
2.023857702507806242e-13
1.669355549164189248e-12
1.991605506160625986e-13
6.269101619288021959e-13
1.293403742346337167e-12
6.269101619288504805e-15
1.244753441350391241e-14
1.244753441350255242e-14
1.586704438765978414e-14
1.455364169304104890e-13
5.129394488128597270e-13
5.181075718420650919e-15
1.181337074556913738e-12
1.716179520969400899e-12
3.743327206558360318e-13
4.819695687060074549e-14
1.497330882623344127e-12
1.514998350823165034e-12
7.092892658516734938e-14
6.674391267361521728e-13
1.497330882623344216e-14
1.803532457581943594e-13
1.678668532768132864e-14
1.773223164629345924e-14
5.181075718416262239e-17
5.931813590018910364e-13
2.395729412197350745e-13
8.289721149471987552e-14
4.725270582091818489e-13
4.626830143441958696e-13
1.567275404822126201e-15
2.395729412197350745e-13
7.460749034524683468e-15
3.876610379414702705e-13
5.077972311623341367e-13
3.787495877057837359e-13
2.798946629983393094e-13
1.510801679491272246e-13
1.295268929605382230e-15
9.139417567292554114e-14
1.218718535865295467e-13
3.357466592428994464e-13
1.773093637736263210e-13
2.189004491032867270e-15
4.662968146579902278e-16
2.648695434149205141e-13
1.970104041929238493e-14
5.181075718419772917e-15
1.218718535865337876e-13
1.595900848166313986e-13
6.269101619288504805e-15
2.189004491032867270e-15
2.740789055044221298e-14
5.181075718416262239e-17
2.984299613809663235e-14
1.347597794361009826e-13
1.586704438766132399e-14
1.326355383915546212e-14
1.567275404821643418e-15
5.712135979557984120e-13
1.497330882623344216e-14
3.483755313065542043e-13
5.766666801494288321e-13
1.003056259086083524e-13
1.269493077905791671e-13
4.675920835873929130e-13
1.653928896212546894e-13
8.083773389664694386e-14
4.774879382095797420e-13
5.814462224996619704e-14
5.712135979557892233e-13
5.712135979557892233e-13
2.325784889998706447e-13
1.803532457581995596e-13
6.346817755064529597e-14
8.083773389664694386e-14
4.337726118354147242e-13
3.368994485902524564e-14
3.831923601343384786e-13
4.057948029559334275e-13
1.243976279992604680e-13
8.756017964130329967e-15
6.851972637611058115e-15
3.111883603375978355e-13
5.821456677216513467e-13
9.358318016395900795e-14
2.723302924494424918e-13
4.290448802423542132e-13
4.774879382095797420e-13
5.496603229671610217e-13
6.099291862616917839e-13
3.399303778855255709e-13
1.959612363599313409e-13
2.622919582449911224e-14
2.056368952640851907e-13
7.679649483628079689e-14
5.496603229671700084e-13
4.925260104822925650e-13
5.390391177443949435e-13
2.189004491032867270e-15
3.315888459789216572e-15
2.122168614264817898e-13
6.529450674138923912e-14
2.284854391823230352e-14
1.003056259086083524e-13
3.612375517775306932e-13
3.152166467086644769e-13
1.455364169304151591e-13
1.595900848166313986e-13
5.642191457359364182e-14
3.399303778855255709e-13
2.325784889998706447e-13
5.181075718425039549e-17
7.679649483627742688e-14
6.557298956125173217e-13
2.284854391823230352e-14
6.383603392665158000e-13
8.289721149473041431e-16
3.502407185651675710e-14
8.289721149471636667e-14
4.979013765401292965e-14
2.189004491032411120e-13
8.083773389664694386e-14
4.196671331920332159e-15
1.400962874260715722e-13
8.498259447138495207e-14
1.510801679491272246e-13
8.923107656048781644e-14
4.819695687060342131e-14
8.095430810030346431e-15
1.773093637736211966e-13
1.410547864339913621e-14
1.400962874260715722e-13
1.144499626198936154e-13
7.880416167716953973e-14
2.189004491032411120e-13
1.120278097215311349e-13
8.709388282663855107e-14
2.325784889998706447e-13
1.120278097215352243e-13
1.144499626198977301e-13
1.870368334349604658e-14
8.709388282663855107e-14
4.662968146579902278e-16
1.586704438765978414e-14
3.109940699981619616e-14
8.756017964130329967e-15
4.208328752286736146e-14
1.567275404821981256e-13
1.683331500914644476e-13
2.622919582449911224e-14
1.218718535865337876e-13
3.109940699981619616e-14
1.865187258631118187e-13
1.049167832980004122e-13
2.861249065497546121e-14
2.072430287368084609e-14
1.538909015263618695e-13
1.003056259086122146e-13
7.481473337398418632e-14
4.196671331919541720e-15
3.918188512055073678e-14
1.742913871676452273e-13
2.622919582449911224e-14
3.238172324011261063e-16
1.400962874260761413e-13
4.196671331919541720e-15
1.803532457581995596e-13
1.497330882623344216e-14
8.095430810031444525e-15
2.622919582450108755e-14
0.000000000000000000e+00
2.284854391823046390e-14
2.072430287368084609e-14
1.834230331213596672e-13
2.291201209578236684e-13
3.918188512054832602e-14
2.072430287368260358e-16
1.165742036644317364e-16
4.196671331919541720e-15
8.498259447138495207e-14
1.803532457581995596e-13
9.803890528180236362e-14
1.712993159402562785e-13
1.595900848166265266e-13
3.109940699981619616e-14
3.502407185651675710e-14
8.498259447138139273e-14
1.321303835090060255e-13
2.507640647715208809e-14
2.072430287368084609e-14
1.089321169797846411e-14
1.865187258630907782e-15
1.455364169304104890e-13
1.218718535865337876e-13
1.400962874260761413e-13
1.410547864339768786e-14
4.357284679190876355e-14
1.165742036645634022e-16
6.714674131072215910e-14
2.291201209578178119e-13
3.109940699981404415e-14
6.851972637611058115e-15
3.315888459789216572e-15
1.321303835090015827e-13
1.742913871676401534e-13
6.529450674138923912e-14
1.595900848166313986e-13
1.624785345296470221e-13
2.538727102025811634e-15
8.289721149469531000e-16
1.400962874260761413e-13
1.538909015263618695e-13
1.712993159402613273e-13
8.289721149471636667e-14
3.238172324011261063e-16
5.989323530493376862e-14
2.256876582943688117e-13
2.284854391823230352e-14
4.208328752286736146e-14
4.061963363241052489e-14
4.357284679191130683e-14
3.918188512054832602e-14
1.586704438765978414e-14
6.269101619287539240e-15
4.208328752286736146e-14
2.177347070665963777e-14
7.460749034523631128e-15
1.089321169797719089e-14
5.472511227581027799e-14
1.165742036644580607e-14
3.368994485902524564e-14
6.269101619287539240e-15
4.196671331919541720e-15
2.622919582450108755e-14
2.507640647715401922e-14
6.346817755064529084e-16
2.740789055044019665e-14
3.638410423260262226e-14
4.675920835873595126e-15
6.714674131071900366e-14
4.357284679190876355e-14
4.196671331920332159e-15
3.777004198728299259e-14
1.865187258630907782e-15
4.819695687060074549e-14
8.756017964130329967e-15
1.165742036644448867e-14
1.295268929605382230e-15
7.285887729027970802e-14
4.979013765401564965e-14
6.529450674138923912e-14
2.984299613809663235e-14
4.208328752286736146e-14
8.289721149469531000e-16
5.814462224996619704e-14
1.870368334349604658e-14
0.000000000000000000e+00
4.508831143954729613e-14
8.095430810031444525e-15
5.140922381602269239e-14
7.679649483628079689e-14
5.140922381602269239e-14
7.285887729027970802e-14
6.166775373849347247e-14
2.072430287368260358e-16
7.481473337398085417e-14
7.679649483627742688e-14
1.165742036644448867e-14
7.285887729027970802e-14
7.481473337398085417e-14
3.777004198728061969e-14
6.851972637610049162e-15
4.196671331920332159e-15
2.072430287368084609e-14
7.460749034524683468e-15
1.165742036645634022e-16
9.442510496820154923e-15
4.208328752286485604e-14
3.238172324013455576e-16
3.238172324011261063e-16
1.165742036644317364e-16
2.740789055044019665e-14
7.285887729027970802e-14
5.181075718425039549e-17
1.865187258630907782e-15
4.819695687060074549e-14
1.165742036644580607e-14
6.166775373849044324e-14
1.295268929604943229e-15
5.181075718419772917e-15
1.586704438766132399e-14
6.346817755064221626e-14
6.851972637610049162e-15
5.305421535661903381e-14
1.295268929601871386e-17
7.285887729027970802e-14
1.497330882623344216e-14
3.918188512055073678e-14
4.061963363241052489e-14
3.638410423260495098e-14
3.743327206558360539e-15
3.777004198728061969e-14
7.481473337398418632e-14
5.472511227580742547e-14
2.507640647715401922e-14
2.394952250839709839e-14
6.346817755064529597e-14
3.368994485902524564e-14
1.567275404822126201e-15
8.756017964130329967e-15
3.109940699981619616e-14
1.865187258630907782e-15
6.269101619288504805e-15
3.502407185651903533e-14
5.181075718425039549e-17
6.902488125865030369e-14
0.000000000000000000e+00
1.165742036644448867e-14
1.586704438765978414e-14
2.394952250839709839e-14
1.244753441350255242e-14
1.773223164629345924e-14
1.244753441350391241e-14
6.269101619288504805e-15
2.538727102025197111e-15
2.507640647715401922e-14
6.346817755064529084e-16
5.181075718419772917e-15
1.678668532767975091e-14
2.538727102025811634e-15
8.095430810030346431e-15
4.662968146579902278e-16
1.586704438766132399e-14
1.165742036644448867e-14
4.675920835873595126e-15
2.507640647715401922e-14
2.507640647715401922e-14
7.460749034523631128e-15
1.049167832979885430e-15
2.072430287368260358e-16
1.049167832979885430e-15
8.095430810031444525e-15
8.756017964130329967e-15
2.072430287368260358e-16
1.773223164629183734e-14
3.743327206558360539e-15
1.970104041929238493e-14
1.586704438765978414e-14
2.914355091611451516e-15
3.743327206558360539e-15
1.165742036645634022e-16
6.851972637611058115e-15
1.049167832980280452e-15
1.165742036644580607e-14
3.743327206558360539e-15
1.870368334349438051e-14
2.538727102025197111e-15
1.970104041929067468e-14
1.586704438766132399e-14
1.049167832980280452e-15
2.914355091611451516e-15
2.072430287368084609e-14
4.675920835874428952e-15
5.181075718416262239e-17
4.196671331920332159e-15
1.295268929601871386e-17
1.865187258631434347e-15
4.662968146579902278e-16
2.284854391823046390e-14
5.181075718416262239e-17
4.196671331920332159e-15
1.567275404821643418e-15
9.442510496821339792e-15
4.662968146579902278e-16
1.015490840810201749e-14
1.586704438766132399e-14
5.181075718416262239e-17
8.756017964130329967e-15
2.177347070665783601e-14
2.177347070665963777e-14
2.177347070665963777e-14
1.773223164629345924e-14
1.015490840810201749e-14
4.196671331920332159e-15
3.238172324013455576e-16
1.567275404822126201e-15
2.284854391823046390e-14
2.538727102025197111e-15
3.315888459788514092e-15
6.346817755064529084e-16
1.326355383915546212e-14
8.289721149473041431e-16
1.295268929601871386e-17
0.000000000000000000e+00
9.442510496820154923e-15
2.072430287366504896e-16
9.442510496820154923e-15
9.442510496821339792e-15
2.914355091610793212e-15
4.196671331919541720e-15
2.284854391823046390e-14
4.196671331920332159e-15
4.196671331920332159e-15
8.095430810030346431e-15
4.196671331920332159e-15
1.865187258630907782e-15
4.675920835874428952e-15
2.538727102025811634e-15
1.497330882623344216e-14
1.049167832979885430e-15
6.346817755064529084e-16
1.165742036645634022e-16
4.662968146579902278e-16
8.095430810031444525e-15
2.072430287366504896e-16
5.181075718425039549e-17
1.678668532768132864e-14
1.295268929604943229e-15
8.756017964129189274e-15
4.662968146579902278e-16
3.743327206558360539e-15
4.675920835874428952e-15
3.238172324013455576e-16
2.189004491032867270e-15
1.865187258631434347e-15
6.346817755064529084e-16
6.346817755064529084e-16
1.295268929601871386e-17
3.315888459788514092e-15
8.756017964130329967e-15
1.865187258631434347e-15
1.567275404821643418e-15
4.675920835874428952e-15
3.238172324013455576e-16
5.181075718425039549e-17
4.662968146577269455e-16
6.346817755064529084e-16
3.743327206558360539e-15
3.315888459788514092e-15
5.181075718416262239e-17
2.072430287368260358e-16
2.914355091611451516e-15
2.914355091611451516e-15
3.315888459789216572e-15
1.865187258631434347e-15
6.851972637611058115e-15
2.189004491032867270e-15
2.072430287368260358e-16
1.567275404821643418e-15
7.460749034523631128e-15
1.295268929604943229e-15
3.315888459789216572e-15
5.181075718425039549e-17
8.289721149473041431e-16
8.289721149469531000e-16
3.743327206558360539e-15
4.675920835874428952e-15
2.914355091610793212e-15
6.269101619288504805e-15
5.712135979558075880e-15
5.181075718419772917e-15
6.346817755061457457e-16
4.196671331919541720e-15
7.460749034523631128e-15
3.743327206558360539e-15
1.567275404821643418e-15
4.675920835874428952e-15
2.189004491032867270e-15
8.756017964130329967e-15
6.269101619287539240e-15
8.095430810030346431e-15
1.165742036644317364e-16
6.269101619287539240e-15
2.538727102025197111e-15
2.072430287368260358e-16
3.743327206558360539e-15
2.072430287368260358e-16
5.712135979558075880e-15
1.295268929605382230e-15
8.289721149473041431e-16
1.295268929605382230e-15
3.743327206558360539e-15
3.238172324011261063e-16
1.865187258631434347e-15
8.095430810030346431e-15
1.049167832979885430e-15
3.743327206558360539e-15
6.269101619288504805e-15
2.914355091610793212e-15
1.049167832979885430e-15
0.000000000000000000e+00
5.712135979558075880e-15
8.756017964129189274e-15
7.460749034523631128e-15
2.189004491032867270e-15
1.165742036645634022e-16
3.315888459789216572e-15
1.165742036644317364e-16
3.315888459789216572e-15
6.851972637610049162e-15
5.181075718420650919e-15
1.295268929606259887e-17
3.238172324013455576e-16
1.049167832979885430e-15
8.289721149473041431e-16
6.269101619287539240e-15
3.238172324013455576e-16
3.315888459788514092e-15
5.181075718419772917e-15
2.914355091611451516e-15
3.315888459789216572e-15
3.315888459788514092e-15
4.196671331919541720e-15
2.072430287366504896e-16
3.743327206558360539e-15
3.315888459789216572e-15
7.460749034523631128e-15
1.049167832979885430e-15
1.567275404822126201e-15
6.346817755064529084e-16
0.000000000000000000e+00
6.346817755064529084e-16
6.346817755064529084e-16
4.662968146577269455e-16
1.165742036645634022e-16
5.181075718425039549e-17
1.165742036644317364e-16
4.662968146579902278e-16
8.289721149469531000e-16
3.238172324011261063e-16
1.165742036645634022e-16
1.165742036645634022e-16
3.238172324013455576e-16
1.295268929605382230e-15
5.181075718416262239e-17
2.914355091611451516e-15
8.289721149469531000e-16
1.165742036644317364e-16
5.181075718425039549e-17
3.238172324011261063e-16
1.165742036645634022e-16
2.538727102025197111e-15
1.865187258630907782e-15
2.914355091611451516e-15
2.072430287368260358e-16
1.165742036644317364e-16
2.072430287366504896e-16
3.238172324011261063e-16
8.289721149469531000e-16
0.000000000000000000e+00
5.181075718416262239e-17
1.567275404822126201e-15
2.072430287366504896e-16
1.165742036644317364e-16
2.914355091611451516e-15
8.289721149469531000e-16
3.238172324013455576e-16
1.295268929604943229e-15
1.865187258630907782e-15
2.914355091611451516e-15
3.238172324013455576e-16
1.295268929606259887e-17
2.189004491032297318e-15
2.189004491032867270e-15
1.865187258630907782e-15
2.538727102025811634e-15
1.295268929606259887e-17
1.049167832979885430e-15
4.662968146579902278e-16
3.238172324013455576e-16
8.289721149469531000e-16
3.238172324011261063e-16
5.181075718416262239e-17
1.295268929605382230e-15
2.538727102025811634e-15
2.914355091611451516e-15
1.295268929604943229e-15
2.538727102025811634e-15
2.189004491032867270e-15
2.538727102025811634e-15
1.165742036645634022e-16
4.662968146577269455e-16
2.914355091611451516e-15
1.049167832979885430e-15
2.538727102025811634e-15
5.181075718416262239e-17
1.049167832979885430e-15
3.238172324011261063e-16
1.049167832980280452e-15
1.295268929604943229e-15
8.289721149473041431e-16
1.049167832980280452e-15
2.189004491032297318e-15
1.049167832979885430e-15
6.346817755061457457e-16
1.295268929606259887e-17
1.865187258630907782e-15
1.049167832980280452e-15
6.346817755064529084e-16
1.865187258630907782e-15
1.295268929604943229e-15
1.865187258630907782e-15
4.662968146579902278e-16
1.295268929601871386e-17
1.295268929601871386e-17
4.662968146577269455e-16
2.189004491032867270e-15
8.289721149469531000e-16
1.295268929601871386e-17
0.000000000000000000e+00
1.049167832980280452e-15
2.538727102025811634e-15
1.295268929604943229e-15
1.865187258631434347e-15
1.165742036645634022e-16
1.295268929605382230e-15
2.914355091611451516e-15
5.181075718416262239e-17
1.165742036644317364e-16
4.662968146577269455e-16
2.072430287366504896e-16
5.181075718425039549e-17
5.181075718416262239e-17
1.295268929606259887e-17
5.181075718425039549e-17
1.295268929606259887e-17
1.165742036644317364e-16
8.289721149469531000e-16
8.289721149469531000e-16
4.662968146577269455e-16
1.295268929601871386e-17
6.346817755061457457e-16
3.238172324013455576e-16
2.072430287368260358e-16
3.238172324011261063e-16
8.289721149469531000e-16
5.181075718416262239e-17
6.346817755064529084e-16
4.662968146579902278e-16
1.295268929606259887e-17
6.346817755061457457e-16
6.346817755061457457e-16
6.346817755061457457e-16
5.181075718416262239e-17
4.662968146579902278e-16
1.295268929601871386e-17
8.289721149469531000e-16
5.181075718425039549e-17
2.072430287366504896e-16
6.346817755064529084e-16
8.289721149469531000e-16
6.346817755061457457e-16
1.165742036644317364e-16
4.662968146579902278e-16
4.662968146579902278e-16
5.181075718425039549e-17
8.289721149469531000e-16
5.181075718425039549e-17
5.181075718425039549e-17
1.295268929606259887e-17
4.662968146579902278e-16
1.165742036644317364e-16
0.000000000000000000e+00
1.165742036644317364e-16
6.346817755061457457e-16
8.289721149469531000e-16
1.165742036645634022e-16
2.072430287368260358e-16
4.662968146579902278e-16
2.072430287366504896e-16
4.662968146579902278e-16
1.165742036645634022e-16
1.295268929606259887e-17
2.072430287366504896e-16
5.181075718425039549e-17
1.295268929606259887e-17
6.346817755064529084e-16
6.346817755061457457e-16
8.289721149473041431e-16
1.295268929601871386e-17
6.346817755061457457e-16
5.181075718416262239e-17
6.346817755061457457e-16
5.181075718425039549e-17
1.295268929606259887e-17
5.181075718416262239e-17
4.662968146577269455e-16
8.289721149469531000e-16
6.346817755061457457e-16
1.295268929601871386e-17
5.181075718425039549e-17
3.238172324013455576e-16
5.181075718416262239e-17
4.662968146577269455e-16
1.295268929601871386e-17
5.181075718425039549e-17
5.181075718416262239e-17
3.238172324011261063e-16
2.072430287368260358e-16
1.295268929601871386e-17
6.346817755064529084e-16
6.346817755064529084e-16
1.295268929601871386e-17
3.238172324011261063e-16
6.346817755061457457e-16
1.165742036645634022e-16
3.238172324011261063e-16
1.295268929606259887e-17
1.165742036644317364e-16
6.346817755064529084e-16
3.238172324011261063e-16
1.165742036644317364e-16
5.181075718416262239e-17
1.165742036645634022e-16
6.346817755061457457e-16
3.238172324011261063e-16
4.662968146577269455e-16
